martin: [-30.60815100165781, 536.1328125]
renger: [-35.733575056246664, 1604.00390625]
renger2: [-24.581034816130387, 2415.52734375]
test: [-23.98914031577764, 421.875]
test2: [-76.54477741037033, 120.1171875]
test3: [-73.75378667514639, 120.1171875]
test4: [-73.28142772863951, 120.1171875]
test5: [-71.36459684207952, 120.1171875]
test6: [-44.11238719729063, 420.41015625]
test7: [-46.81171345534427, 595.458984375]
